2 27.0599 
3 5.22597 
4 21.1589 
5 5.77643 
6 50.1783 
7 3.32275 
8 92.3685 
9 153.141 
10 130.119 
11 117.08 
12 128.159 
13 137.484 
14 137.341 
15 127.651 
16 109.756 
17 86.6302 
18 63.1929 
19 46.6055 
20 46.5542 
21 72.8201 
22 125.359 
23 198.787 
24 284.19 
25 368.699 
26 438.568 
27 491.389 
28 529.214 
29 555.745 
30 576.512 
31 597.484 
32 619.775 
33 642.998 
34 666.618 
35 689.937 
36 712.087 
37 732.011 
38 748.454 
39 759.95 
40 764.807 
41 761.497 
42 750.015 
43 730.94 
44 705.086 
45 673.519 
46 637.57 
47 598.849 
48 559.268 
49 521.045 
50 486.728 
51 458.703 
52 437.53 
53 423.193 
54 415.557 
55 414.358 
56 419.198 
57 429.537 
58 444.685 
59 463.795 
60 485.855 
61 509.917 
62 535.865 
63 563.807 
64 593.853 
65 626.116 
66 660.708 
67 697.747 
68 737.347 
69 779.63 
70 824.716 
71 872.588 
72 922.645 
73 974.065 
74 1025.92 
75 1077.2 
76 1126.77 
77 1173.41 
78 1215.76 
79 1252.38 
80 1281.69 
81 1302.46 
82 1315.19 
83 1320.98 
84 1321.06 
85 1316.82 
86 1309.81 
87 1301.72 
88 1294.45 
89 1290.02 
90 1290.66 
91 1298.34 
92 1313.36 
93 1335.58 
94 1364.79 
95 1400.76 
96 1443.2 
97 1491.75 
98 1546.03 
99 1605.6 
100 1669.95 
101 1738.59 
102 1811.17 
103 1887.37 
104 1966.85 
105 2049.22 
106 2134.05 
107 2220.88 
108 2309.21 
109 2398.51 
110 2488.21 
111 2577.68 
112 2666.28 
113 2753.3 
114 2838 
115 2919.6 
116 2997.27 
117 3070.14 
118 3137.28 
119 3197.72 
120 3250.46 
121 3294.65 
122 3330.35 
123 3357.87 
124 3377.57 
125 3389.85 
126 3395.15 
127 3393.96 
128 3386.81 
129 3374.29 
130 3357 
131 3335.64 
132 3310.92 
133 3283.61 
134 3254.55 
135 3224.6 
136 3194.7 
137 3165.83 
138 3139.03 
139 3115.4 
140 3096.08 
141 3082.07 
142 3073.49 
143 3070.22 
144 3072.16 
145 3079.14 
146 3091.01 
147 3107.6 
148 3128.69 
149 3154.08 
150 3183.54 
151 3216.79 
152 3253.58 
153 3293.59 
154 3336.52 
155 3382.03 
156 3429.75 
157 3479.31 
158 3530.3 
159 3582.29 
160 3634.84 
161 3687.47 
162 3739.7 
163 3791 
164 3840.86 
165 3888.69 
166 3933.93 
167 3975.95 
168 4014.13 
169 4047.79 
170 4076.26 
171 4098.81 
172 4114.71 
173 4123.18 
174 4123.43 
175 4114.63 
176 4095.93 
177 4066.45 
178 4025.28 
179 3971.48 
180 3904.07 
181 3822.4 
182 3727.12 
183 3619.28 
184 3500 
185 3370.44 
186 3231.84 
187 3085.48 
188 2932.71 
189 2774.96 
190 2613.69 
191 2450.47 
192 2286.89 
193 2124.64 
194 1965.45 
195 1811.15 
196 1663.61 
197 1524.79 
198 1396.7 
199 1281.45 
200 1181.2 
201 1097.74 
202 1031.08 
203 980.749 
204 946.26 
205 927.076 
206 922.628 
207 932.313 
208 955.489 
209 991.482 
210 1039.58 
211 1099.03 
212 1169.04 
213 1248.78 
214 1337.4 
215 1433.97 
216 1537.57 
217 1647.19 
218 1761.82 
219 1880.39 
220 2001.78 
221 2124.84 
222 2248.39 
223 2371.16 
224 2491.9 
225 2609.26 
226 2722.1 
227 2830.1 
228 2933.17 
229 3031.2 
230 3124.11 
231 3211.8 
232 3294.17 
233 3371.13 
234 3442.59 
235 3508.45 
236 3568.64 
237 3623.04 
238 3671.59 
239 3714.19 
240 3750.74 
241 3781.18 
242 3805.41 
243 3823.35 
244 3834.92 
245 3840.04 
246 3838.62 
247 3830.59 
248 3815.87 
249 3794.39 
250 3766.06 
251 3730.91 
252 3689.32 
253 3641.76 
254 3588.75 
255 3530.81 
256 3468.48 
257 3402.32 
258 3332.91 
259 3260.86 
260 3186.79 
261 3111.33 
262 3035.15 
263 2958.92 
264 2883.36 
265 2809.18 
266 2737.12 
267 2667.96 
268 2602.48 
269 2541.48 
270 2485.8 
271 2436.29 
272 2393.81 
273 2359.28 
274 2333.6 
275 2317.72 
276 2312.37 
277 2317.32 
278 2332.09 
279 2356.19 
280 2389.11 
281 2430.32 
282 2479.25 
283 2535.35 
284 2598.02 
285 2666.65 
286 2740.61 
287 2819.25 
288 2901.89 
289 2987.86 
290 3076.44 
291 3166.89 
292 3258.46 
293 3350.38 
294 3441.86 
295 3532.07 
296 3620.17 
297 3705.31 
298 3786.61 
299 3863.15 
300 3934.02 
301 3998.42 
302 4056.27 
303 4107.62 
304 4152.56 
305 4191.16 
306 4223.5 
307 4249.68 
308 4269.78 
309 4283.91 
310 4292.16 
311 4294.64 
312 4291.48 
313 4282.78 
314 4268.66 
315 4249.26 
316 4224.7 
317 4195.13 
318 4160.69 
319 4121.53 
320 4077.79 
321 4029.65 
322 3977.26 
323 3920.79 
324 3860.43 
325 3796.34 
326 3728.72 
327 3657.76 
328 3583.66 
329 3506.62 
330 3426.85 
331 3344.56 
332 3259.98 
333 3173.34 
334 3084.86 
335 2994.78 
336 2903.36 
337 2810.84 
338 2717.48 
339 2623.54 
340 2529.29 
341 2435.01 
342 2340.97 
343 2247.48 
344 2154.82 
345 2063.29 
346 1973.21 
347 1884.88 
348 1798.63 
349 1714.78 
350 1633.68 
351 1555.59 
352 1480.56 
353 1408.57 
354 1339.58 
355 1273.58 
356 1210.53 
357 1150.4 
358 1093.16 
359 1038.78 
360 987.229 
361 938.459 
362 892.436 
363 849.12 
364 808.468 
365 770.436 
366 734.98 
367 702.05 
368 671.599 
369 643.576 
370 617.926 
371 594.596 
372 573.528 
373 554.665 
374 537.946 
375 523.308 
376 510.688 
377 500.019 
378 491.233 
379 484.261 
380 479.029 
381 475.465 
382 473.491 
383 473.031 
384 474.004 
385 476.327 
386 479.918 
387 484.688 
388 490.552 
389 497.416 
390 505.191 
391 513.779 
392 523.086 
393 533.011 
394 543.454 
395 554.312 
396 565.478 
397 576.845 
398 588.304 
399 599.741 
400 611.043 
401 622.113 
402 632.93 
403 643.494 
404 653.804 
405 663.86 
406 673.662 
407 683.209 
408 692.502 
409 701.54 
410 710.323 
411 718.85 
412 727.123 
413 735.141 
414 742.904 
415 750.413 
416 757.667 
417 764.668 
418 771.415 
419 777.909 
420 784.151 
421 790.142 
422 795.881 
423 801.37 
424 806.61 
425 811.602 
426 816.345 
427 820.843 
428 825.095 
429 829.103 
430 832.869 
431 836.393 
432 839.676 
433 842.722 
434 845.53 
435 848.103 
436 850.443 
437 852.55 
438 854.428 
439 856.078 
440 857.502 
441 858.702 
442 859.681 
443 860.44 
444 860.982 
445 861.31 
446 861.425 
447 861.332 
448 861.031 
449 860.526 
450 859.821 
451 858.918 
452 857.826 
453 856.555 
454 855.115 
455 853.515 
456 851.766 
457 849.878 
458 847.862 
459 845.729 
460 843.49 
461 841.155 
462 838.736 
463 836.246 
464 833.695 
465 831.097 
466 828.462 
467 825.804 
468 823.136 
469 820.47 
470 817.819 
471 815.197 
472 812.617 
473 810.094 
474 807.641 
475 805.273 
476 803.003 
477 800.847 
478 798.82 
479 796.937 
480 795.212 
481 793.663 
482 792.304 
483 791.152 
484 790.222 
485 789.533 
486 789.099 
487 788.94 
488 789.07 
489 789.509 
490 790.274 
491 791.383 
492 792.853 
493 794.705 
494 796.955 
495 799.624 
496 802.73 
497 806.293 
498 810.333 
499 814.87 
500 819.923 
501 825.508 
502 831.619 
503 838.246 
504 845.376 
505 852.997 
506 861.098 
507 869.667 
508 878.69 
509 888.156 
510 898.051 
511 908.361 
512 919.074 
513 930.175 
514 941.651 
515 953.486 
516 965.667 
517 978.178 
518 991.004 
519 1004.13 
520 1017.54 
521 1031.22 
522 1045.15 
523 1059.32 
524 1073.7 
525 1088.29 
526 1103.05 
527 1117.99 
528 1133.08 
529 1148.29 
530 1163.62 
531 1179.04 
532 1194.53 
533 1210.08 
534 1225.66 
535 1241.26 
536 1256.85 
537 1272.41 
538 1287.93 
539 1303.38 
540 1318.74 
541 1333.99 
542 1349.11 
543 1364.07 
544 1378.85 
545 1393.43 
546 1407.79 
547 1421.9 
548 1435.73 
549 1449.27 
550 1462.49 
551 1475.36 
552 1487.89 
553 1500.05 
554 1511.85 
555 1523.28 
556 1534.33 
557 1544.99 
558 1555.27 
559 1565.14 
560 1574.61 
561 1583.66 
562 1592.3 
563 1600.51 
564 1608.29 
565 1615.63 
566 1622.52 
567 1628.96 
568 1634.93 
569 1640.44 
570 1645.47 
571 1650.01 
572 1654.07 
573 1657.63 
574 1660.68 
575 1663.22 
576 1665.23 
577 1666.72 
578 1667.68 
579 1668.08 
580 1667.94 
581 1667.24 
582 1665.97 
583 1664.12 
584 1661.7 
585 1658.68 
586 1655.06 
587 1650.83 
588 1645.99 
589 1640.52 
590 1634.42 
591 1627.68 
592 1620.29 
593 1612.25 
594 1603.53 
595 1594.14 
596 1584.07 
597 1573.31 
598 1561.85 
599 1549.68 
600 1536.78 
601 1523.17 
602 1508.88 
603 1493.95 
604 1478.41 
605 1462.33 
606 1445.73 
607 1428.68 
608 1411.21 
609 1393.37 
610 1375.21 
611 1356.78 
612 1338.12 
613 1319.3 
614 1300.34 
615 1281.32 
616 1262.28 
617 1243.26 
618 1224.34 
619 1205.55 
620 1186.95 
621 1168.61 
622 1150.56 
623 1132.88 
624 1115.61 
625 1098.82 
626 1082.57 
627 1066.9 
628 1051.89 
629 1037.6 
630 1024.07 
631 1011.39 
632 999.602 
633 988.779 
634 978.983 
635 970.279 
636 962.733 
637 956.411 
638 951.379 
639 947.706 
640 945.461 
641 944.712 
642 945.529 
643 947.983 
644 952.147 
645 958.09 
646 965.888 
647 975.613 
648 987.34 
649 1001.14 
650 1017.1 
651 1035.26 
652 1055.58 
653 1077.97 
654 1102.35 
655 1128.65 
656 1156.79 
657 1186.68 
658 1218.24 
659 1251.38 
660 1286.02 
661 1322.07 
662 1359.45 
663 1398.06 
664 1437.81 
665 1478.62 
666 1520.39 
667 1563.02 
668 1606.42 
669 1650.49 
670 1695.14 
671 1740.27 
672 1785.77 
673 1831.55 
674 1877.5 
675 1923.53 
676 1969.51 
677 2015.36 
678 2060.95 
679 2106.19 
680 2150.96 
681 2195.16 
682 2238.66 
683 2281.36 
684 2323.13 
685 2363.87 
686 2403.46 
687 2441.78 
688 2478.7 
689 2514.11 
690 2547.88 
691 2579.9 
692 2610.03 
693 2638.14 
694 2664.12 
695 2687.83 
696 2709.13 
697 2727.91 
698 2744.03 
699 2757.34 
700 2767.72 
701 2775.06 
702 2779.41 
703 2780.84 
704 2779.42 
705 2775.24 
706 2768.38 
707 2758.92 
708 2746.93 
709 2732.5 
710 2715.72 
711 2696.67 
712 2675.44 
713 2652.11 
714 2626.78 
715 2599.53 
716 2570.45 
717 2539.64 
718 2507.19 
719 2473.19 
720 2437.74 
721 2400.94 
722 2362.88 
723 2323.66 
724 2283.38 
725 2242.15 
726 2200.06 
727 2157.22 
728 2113.74 
729 2069.72 
730 2025.26 
731 1980.49 
732 1935.49 
733 1890.4 
734 1845.31 
735 1800.35 
736 1755.62 
737 1711.25 
738 1667.34 
739 1624.02 
740 1581.41 
741 1539.63 
742 1498.79 
743 1459.03 
744 1420.47 
745 1383.23 
746 1347.43 
747 1313.22 
748 1280.71 
749 1250.04 
750 1221.34 
751 1194.72 
752 1170.14 
753 1147.57 
754 1126.94 
755 1108.2 
756 1091.3 
757 1076.18 
758 1062.8 
759 1051.08 
760 1040.97 
761 1032.42 
762 1025.37 
763 1019.75 
764 1015.51 
765 1012.59 
766 1010.92 
767 1010.44 
768 1011.1 
769 1012.81 
770 1015.53 
771 1019.19 
772 1023.72 
773 1029.05 
774 1035.11 
775 1041.85 
776 1049.18 
777 1057.04 
778 1065.36 
779 1074.07 
780 1083.09 
781 1092.36 
782 1101.8 
783 1111.33 
784 1120.88 
785 1130.38 
786 1139.75 
787 1148.9 
788 1157.77 
789 1166.28 
790 1174.33 
791 1181.87 
792 1188.79 
793 1195.03 
794 1200.49 
795 1205.1 
796 1208.77 
797 1211.41 
798 1212.94 
799 1213.28 
800 1212.33 
801 1210.02 
802 1206.38 
803 1201.45 
804 1195.26 
805 1187.85 
806 1179.26 
807 1169.53 
808 1158.71 
809 1146.84 
810 1133.95 
811 1120.09 
812 1105.31 
813 1089.64 
814 1073.13 
815 1055.82 
816 1037.77 
817 1019.01 
818 999.592 
819 979.56 
820 958.961 
821 937.844 
822 916.255 
823 894.242 
824 871.856 
825 849.144 
826 826.157 
827 802.944 
828 779.556 
829 756.046 
830 732.463 
831 708.861 
832 685.292 
833 661.809 
834 638.466 
835 615.317 
836 592.418 
837 569.822 
838 547.587 
839 525.767 
840 504.42 
841 483.604 
842 463.375 
843 443.793 
844 424.916 
845 406.803 
846 389.515 
847 373.111 
848 357.653 
849 343.202 
850 329.821 
851 317.556 
852 306.396 
853 296.314 
854 287.283 
855 279.276 
856 272.265 
857 266.222 
858 261.119 
859 256.926 
860 253.615 
861 251.157 
862 249.522 
863 248.68 
864 248.601 
865 249.254 
866 250.608 
867 252.632 
868 255.295 
869 258.565 
870 262.409 
871 266.796 
872 271.691 
873 277.063 
874 282.877 
875 289.101 
876 295.698 
877 302.636 
878 309.88 
879 317.393 
880 325.142 
881 333.089 
882 341.2 
883 349.436 
884 357.763 
885 366.142 
886 374.535 
887 382.906 
888 391.216 
889 399.427 
890 407.499 
891 415.393 
892 423.07 
893 430.491 
894 437.614 
895 444.399 
896 450.806 
897 456.793 
898 462.318 
899 467.339 
900 471.815 
901 475.712 
902 479.042 
903 481.825 
904 484.083 
905 485.836 
906 487.106 
907 487.916 
908 488.286 
909 488.24 
910 487.8 
911 486.988 
912 485.827 
913 484.341 
914 482.552 
915 480.485 
916 478.163 
917 475.61 
918 472.85 
919 469.907 
920 466.807 
921 463.573 
922 460.232 
923 456.808 
924 453.327 
925 449.814 
926 446.296 
927 442.799 
928 439.35 
929 435.973 
930 432.698 
931 429.551 
932 426.558 
933 423.748 
934 421.149 
935 418.788 
936 416.694 
937 414.895 
938 413.42 
939 412.298 
940 411.558 
941 411.229 
942 411.341 
943 411.924 
944 413.008 
945 414.624 
946 416.801 
947 419.572 
948 422.966 
949 427.015 
950 431.751 
951 437.196 
952 443.338 
953 450.154 
954 457.621 
955 465.719 
956 474.422 
957 483.71 
958 493.557 
959 503.942 
960 514.839 
961 526.226 
962 538.079 
963 550.372 
964 563.081 
965 576.182 
966 589.65 
967 603.459 
968 617.584 
969 632 
970 646.68 
971 661.599 
972 676.73 
973 692.046 
974 707.522 
975 723.129 
976 738.841 
977 754.631 
978 770.469 
979 786.33 
980 802.184 
981 818.004 
982 833.76 
983 849.425 
984 864.968 
985 880.36 
986 895.573 
987 910.576 
988 925.34 
989 939.834 
990 954.027 
991 967.89 
992 981.391 
993 994.499 
994 1007.18 
995 1019.41 
996 1031.15 
997 1042.37 
998 1053.04 
999 1063.12 
1000 1072.59 
1001 1081.41 
1002 1089.6 
1003 1097.15 
1004 1104.08 
1005 1110.41 
1006 1116.13 
1007 1121.27 
1008 1125.83 
1009 1129.83 
1010 1133.27 
1011 1136.17 
1012 1138.53 
1013 1140.37 
1014 1141.71 
1015 1142.54 
1016 1142.89 
1017 1142.77 
1018 1142.18 
1019 1141.14 
1020 1139.67 
1021 1137.77 
1022 1135.45 
1023 1132.73 
1024 1129.63 
1025 1126.15 
1026 1122.3 
1027 1118.11 
1028 1113.58 
1029 1108.72 
1030 1103.55 
1031 1098.09 
1032 1092.34 
1033 1086.32 
1034 1080.05 
1035 1073.53 
1036 1066.79 
1037 1059.83 
1038 1052.67 
1039 1045.32 
1040 1037.8 
1041 1030.12 
1042 1022.31 
1043 1014.36 
1044 1006.3 
1045 998.143 
1046 989.903 
1047 981.595 
1048 973.235 
1049 964.838 
1050 956.421 
1051 947.995 
1052 939.568 
1053 931.141 
1054 922.719 
1055 914.305 
1056 905.902 
1057 897.514 
1058 889.145 
1059 880.797 
1060 872.474 
1061 864.18 
1062 855.918 
1063 847.692 
1064 839.506 
1065 831.362 
1066 823.266 
1067 815.22 
1068 807.228 
1069 799.294 
1070 791.421 
1071 783.615 
1072 775.877 
1073 768.213 
1074 760.625 
1075 753.118 
1076 745.697 
1077 738.363 
1078 731.123 
1079 723.979 
1080 716.936 
1081 709.998 
1082 703.168 
1083 696.451 
1084 689.852 
1085 683.373 
1086 677.02 
1087 670.797 
1088 664.707 
1089 658.756 
1090 652.946 
1091 647.284 
1092 641.772 
1093 636.416 
1094 631.219 
1095 626.187 
1096 621.323 
1097 616.633 
1098 612.12 
1099 607.789 
1100 603.644 
1101 599.689 
1102 595.918 
1103 592.325 
1104 588.901 
1105 585.639 
1106 582.533 
1107 579.575 
1108 576.758 
1109 574.073 
1110 571.514 
1111 569.073 
1112 566.742 
1113 564.514 
1114 562.381 
1115 560.334 
1116 558.367 
1117 556.471 
1118 554.638 
1119 552.86 
1120 551.129 
1121 549.437 
1122 547.776 
1123 546.136 
1124 544.511 
1125 542.891 
1126 541.268 
1127 539.633 
1128 537.979 
1129 536.295 
1130 534.574 
1131 532.807 
1132 530.984 
1133 529.097 
1134 527.137 
1135 525.095 
1136 522.962 
1137 520.728 
1138 518.385 
1139 515.923 
1140 513.333 
1141 510.605 
1142 507.73 
1143 504.698 
1144 501.5 
1145 498.126 
1146 494.567 
1147 490.812 
1148 486.852 
1149 482.677 
1150 478.277 
1151 473.647 
1152 468.803 
1153 463.765 
1154 458.556 
1155 453.197 
1156 447.709 
1157 442.114 
1158 436.434 
1159 430.691 
1160 424.907 
1161 419.104 
1162 413.306 
1163 407.534 
1164 401.812 
1165 396.163 
1166 390.609 
1167 385.174 
1168 379.881 
1169 374.755 
1170 369.818 
1171 365.095 
1172 360.609 
1173 356.386 
1174 352.449 
1175 348.823 
1176 345.532 
1177 342.603 
1178 340.058 
1179 337.925 
1180 336.227 
1181 334.992 
1182 334.243 
1183 334.008 
1184 334.312 
1185 335.181 
1186 336.642 
1187 338.721 
1188 341.445 
1189 344.84 
1190 348.934 
1191 353.754 
1192 359.327 
1193 365.68 
1194 372.842 
1195 380.839 
1196 389.701 
1197 399.454 
1198 410.128 
1199 421.751 
1200 434.351 
1201 447.945 
1202 462.5 
1203 477.971 
1204 494.31 
1205 511.471 
1206 529.409 
1207 548.075 
1208 567.422 
1209 587.403 
1210 607.97 
1211 629.073 
1212 650.665 
1213 672.696 
1214 695.117 
1215 717.878 
1216 740.929 
1217 764.22 
1218 787.7 
1219 811.317 
1220 835.021 
1221 858.759 
1222 882.48 
1223 906.13 
1224 929.658 
1225 953.01 
1226 976.132 
1227 998.972 
1228 1021.47 
1229 1043.58 
1230 1065.25 
1231 1086.41 
1232 1107.01 
1233 1127 
1234 1146.32 
1235 1164.92 
1236 1182.73 
1237 1199.7 
1238 1215.77 
1239 1230.89 
1240 1244.99 
1241 1258.02 
1242 1269.91 
1243 1280.62 
1244 1290.07 
1245 1298.21 
1246 1304.98 
1247 1310.32 
1248 1314.16 
1249 1316.45 
1250 1317.12 
1251 1316.13 
1252 1313.51 
1253 1309.3 
1254 1303.56 
1255 1296.33 
1256 1287.67 
1257 1277.62 
1258 1266.24 
1259 1253.57 
1260 1239.66 
1261 1224.57 
1262 1208.35 
1263 1191.05 
1264 1172.72 
1265 1153.42 
1266 1133.2 
1267 1112.1 
1268 1090.2 
1269 1067.53 
1270 1044.15 
1271 1020.12 
1272 995.497 
1273 970.332 
1274 944.681 
1275 918.6 
1276 892.147 
1277 865.379 
1278 838.352 
1279 811.124 
1280 783.754 
1281 756.299 
1282 728.819 
1283 701.372 
1284 674.019 
1285 646.818 
1286 619.83 
1287 593.117 
1288 566.737 
1289 540.754 
1290 515.229 
1291 490.224 
1292 465.801 
1293 442.023 
1294 418.953 
1295 396.656 
1296 375.194 
1297 354.632 
1298 335.036 
1299 316.47 
1300 298.999 
1301 282.674 
1302 267.486 
1303 253.409 
1304 240.419 
1305 228.49 
1306 217.597 
1307 207.714 
1308 198.815 
1309 190.874 
1310 183.865 
1311 177.762 
1312 172.537 
1313 168.165 
1314 164.618 
1315 161.869 
1316 159.891 
1317 158.657 
1318 158.138 
1319 158.307 
1320 159.136 
1321 160.597 
1322 162.661 
1323 165.299 
1324 168.483 
1325 172.185 
1326 176.374 
1327 181.022 
1328 186.098 
1329 191.574 
1330 197.419 
1331 203.604 
1332 210.098 
1333 216.87 
1334 223.89 
1335 231.127 
1336 238.551 
1337 246.129 
1338 253.831 
1339 261.624 
1340 269.478 
1341 277.36 
1342 285.238 
1343 293.08 
1344 300.852 
1345 308.523 
1346 316.06 
1347 323.429 
1348 330.596 
1349 337.53 
1350 344.195 
1351 350.564 
1352 356.634 
1353 362.409 
1354 367.893 
1355 373.088 
1356 377.999 
1357 382.629 
1358 386.982 
1359 391.061 
1360 394.87 
1361 398.413 
1362 401.693 
1363 404.714 
1364 407.481 
1365 409.996 
1366 412.264 
1367 414.289 
1368 416.074 
1369 417.623 
1370 418.941 
1371 420.031 
1372 420.897 
1373 421.544 
1374 421.975 
1375 422.194 
1376 422.207 
1377 422.016 
1378 421.626 
1379 421.041 
1380 420.265 
1381 419.303 
1382 418.16 
1383 416.838 
1384 415.343 
1385 413.679 
1386 411.851 
1387 409.862 
1388 407.717 
1389 405.422 
1390 402.979 
1391 400.395 
1392 397.673 
1393 394.817 
1394 391.834 
1395 388.727 
1396 385.501 
1397 382.16 
1398 378.71 
1399 375.155 
1400 371.501 
1401 367.751 
1402 363.915 
1403 359.998 
1404 356.008 
1405 351.954 
1406 347.843 
1407 343.682 
1408 339.48 
1409 335.244 
1410 330.983 
1411 326.703 
1412 322.414 
1413 318.122 
1414 313.837 
1415 309.566 
1416 305.317 
1417 301.099 
1418 296.92 
1419 292.788 
1420 288.711 
1421 284.698 
1422 280.757 
1423 276.897 
1424 273.126 
1425 269.453 
1426 265.886 
1427 262.435 
1428 259.107 
1429 255.911 
1430 252.857 
1431 249.953 
1432 247.208 
1433 244.631 
1434 242.23 
1435 240.016 
1436 237.997 
1437 236.182 
1438 234.58 
1439 233.201 
1440 232.053 
1441 231.147 
1442 230.491 
1443 230.095 
1444 229.969 
1445 230.121 
1446 230.561 
1447 231.3 
1448 232.346 
1449 233.71 
1450 235.401 
1451 237.424 
1452 239.771 
1453 242.426 
1454 245.377 
1455 248.608 
1456 252.106 
1457 255.857 
1458 259.845 
1459 264.057 
1460 268.477 
1461 273.092 
1462 277.886 
1463 282.845 
1464 287.954 
1465 293.198 
1466 298.562 
1467 304.031 
1468 309.588 
1469 315.221 
1470 320.911 
1471 326.646 
1472 332.408 
1473 338.182 
1474 343.952 
1475 349.703 
1476 355.419 
1477 361.083 
1478 366.68 
1479 372.194 
1480 377.607 
1481 382.905 
1482 388.07 
1483 393.086 
1484 397.936 
1485 402.604 
1486 407.073 
1487 411.325 
1488 415.345 
1489 419.115 
1490 422.619 
1491 425.837 
1492 428.755 
1493 431.353 
1494 433.615 
1495 435.523 
1496 437.06 
1497 438.207 
1498 438.947 
1499 439.262 
1500 439.134 
1501 438.551 
1502 437.522 
1503 436.062 
1504 434.188 
1505 431.914 
1506 429.257 
1507 426.232 
1508 422.856 
1509 419.143 
1510 415.11 
1511 410.774 
1512 406.15 
1513 401.255 
1514 396.106 
1515 390.718 
1516 385.108 
1517 379.293 
1518 373.29 
1519 367.116 
1520 360.788 
1521 354.322 
1522 347.736 
1523 341.046 
1524 334.272 
1525 327.429 
1526 320.535 
1527 313.608 
1528 306.666 
1529 299.727 
1530 292.807 
1531 285.926 
1532 279.101 
1533 272.351 
1534 265.693 
1535 259.146 
1536 252.729 
1537 246.46 
1538 240.358 
1539 234.441 
1540 228.729 
1541 223.239 
1542 217.992 
1543 213.006 
1544 208.301 
1545 203.896 
1546 199.809 
1547 196.062 
1548 192.672 
1549 189.661 
1550 187.047 
1551 184.846 
1552 183.049 
1553 181.644 
1554 180.617 
1555 179.955 
1556 179.646 
1557 179.675 
1558 180.03 
1559 180.696 
1560 181.661 
1561 182.911 
1562 184.431 
1563 186.209 
1564 188.23 
1565 190.481 
1566 192.947 
1567 195.614 
1568 198.469 
1569 201.496 
1570 204.683 
1571 208.014 
1572 211.474 
1573 215.05 
1574 218.727 
1575 222.49 
1576 226.325 
1577 230.216 
1578 234.148 
1579 238.107 
1580 242.078 
1581 246.045 
1582 249.994 
1583 253.909 
1584 257.774 
1585 261.574 
1586 265.294 
1587 268.919 
1588 272.431 
1589 275.817 
1590 279.059 
1591 282.142 
1592 285.05 
1593 287.767 
1594 290.277 
1595 292.563 
1596 294.61 
1597 296.4 
1598 297.918 
1599 299.147 
1600 300.07 
1601 300.675 
1602 300.967 
1603 300.953 
1604 300.643 
1605 300.045 
1606 299.169 
1607 298.022 
1608 296.615 
1609 294.955 
1610 293.052 
1611 290.916 
1612 288.554 
1613 285.977 
1614 283.193 
1615 280.212 
1616 277.042 
1617 273.694 
1618 270.177 
1619 266.5 
1620 262.672 
1621 258.704 
1622 254.604 
1623 250.383 
1624 246.049 
1625 241.614 
1626 237.086 
1627 232.475 
1628 227.792 
1629 223.046 
1630 218.247 
1631 213.405 
1632 208.531 
1633 203.634 
1634 198.724 
1635 193.812 
1636 188.909 
1637 184.024 
1638 179.168 
1639 174.351 
1640 169.583 
1641 164.876 
1642 160.24 
1643 155.685 
1644 151.223 
1645 146.863 
1646 142.617 
1647 138.496 
1648 134.51 
1649 130.67 
1650 126.987 
1651 123.471 
1652 120.123 
1653 116.941 
1654 113.925 
1655 111.073 
1656 108.386 
1657 105.862 
1658 103.5 
1659 101.3 
1660 99.2594 
1661 97.3787 
1662 95.6566 
1663 94.0921 
1664 92.6844 
1665 91.4324 
1666 90.3352 
1667 89.3919 
1668 88.6015 
1669 87.9631 
1670 87.4756 
1671 87.1381 
1672 86.9496 
1673 86.909 
1674 87.0155 
1675 87.2679 
1676 87.6654 
1677 88.2068 
1678 88.8911 
1679 89.7172 
1680 90.6843 
1681 91.7911 
1682 93.0367 
1683 94.4199 
1684 95.9398 
1685 97.5952 
1686 99.3851 
1687 101.308 
1688 103.364 
1689 105.55 
1690 107.867 
1691 110.313 
1692 112.886 
1693 115.586 
1694 118.412 
1695 121.362 
1696 124.435 
1697 127.631 
1698 130.947 
1699 134.383 
1700 137.938 
1701 141.61 
1702 145.393 
1703 149.284 
1704 153.277 
1705 157.368 
1706 161.55 
1707 165.819 
1708 170.169 
1709 174.595 
1710 179.093 
1711 183.656 
1712 188.28 
1713 192.958 
1714 197.687 
1715 202.459 
1716 207.271 
1717 212.116 
1718 216.99 
1719 221.885 
1720 226.798 
1721 231.722 
1722 236.653 
1723 241.583 
1724 246.508 
1725 251.423 
1726 256.32 
1727 261.196 
1728 266.043 
1729 270.857 
1730 275.631 
1731 280.36 
1732 285.038 
1733 289.659 
1734 294.217 
1735 298.706 
1736 303.121 
1737 307.454 
1738 311.702 
1739 315.856 
1740 319.912 
1741 323.863 
1742 327.703 
1743 331.427 
1744 335.027 
1745 338.498 
1746 341.834 
1747 345.027 
1748 348.073 
1749 350.965 
1750 353.696 
1751 356.262 
1752 358.666 
1753 360.911 
1754 363.001 
1755 364.942 
1756 366.736 
1757 368.389 
1758 369.904 
1759 371.286 
1760 372.539 
1761 373.668 
1762 374.676 
1763 375.569 
1764 376.35 
1765 377.024 
1766 377.595 
1767 378.068 
1768 378.448 
1769 378.738 
1770 378.944 
1771 379.069 
1772 379.119 
1773 379.098 
1774 379.01 
1775 378.861 
1776 378.654 
1777 378.395 
1778 378.088 
1779 377.738 
1780 377.35 
1781 376.928 
1782 376.477 
1783 376.002 
1784 375.507 
1785 374.999 
1786 374.481 
1787 373.958 
1788 373.435 
1789 372.918 
1790 372.41 
1791 371.918 
1792 371.446 
1793 370.999 
1794 370.582 
1795 370.2 
1796 369.859 
1797 369.563 
1798 369.317 
1799 369.127 
1800 368.998 
1801 368.933 
1802 368.93 
1803 368.984 
1804 369.091 
1805 369.246 
1806 369.445 
1807 369.683 
1808 369.956 
1809 370.26 
1810 370.589 
1811 370.939 
1812 371.306 
1813 371.685 
1814 372.071 
1815 372.46 
1816 372.847 
1817 373.228 
1818 373.597 
1819 373.949 
1820 374.281 
1821 374.587 
1822 374.863 
1823 375.103 
1824 375.303 
1825 375.459 
1826 375.564 
1827 375.614 
1828 375.605 
1829 375.531 
1830 375.388 
1831 375.17 
1832 374.872 
1833 374.489 
1834 374.017 
1835 373.45 
1836 372.783 
1837 372.011 
1838 371.129 
1839 370.132 
1840 369.014 
1841 367.77 
1842 366.396 
1843 364.885 
1844 363.233 
1845 361.435 
1846 359.484 
1847 357.376 
1848 355.105 
1849 352.666 
1850 350.054 
1851 347.265 
1852 344.303 
1853 341.174 
1854 337.883 
1855 334.437 
1856 330.842 
1857 327.104 
1858 323.229 
1859 319.222 
1860 315.09 
1861 310.839 
1862 306.476 
1863 302.005 
1864 297.434 
1865 292.769 
1866 288.016 
1867 283.181 
1868 278.271 
1869 273.291 
1870 268.249 
1871 263.15 
1872 258.001 
1873 252.809 
1874 247.579 
1875 242.319 
1876 237.035 
1877 231.734 
1878 226.422 
1879 221.105 
1880 215.791 
1881 210.485 
1882 205.195 
1883 199.928 
1884 194.69 
1885 189.488 
1886 184.329 
1887 179.219 
1888 174.166 
1889 169.176 
1890 164.256 
1891 159.413 
1892 154.655 
1893 149.988 
1894 145.419 
1895 140.956 
1896 136.605 
1897 132.373 
1898 128.268 
1899 124.297 
1900 120.467 
1901 116.784 
1902 113.246 
1903 109.851 
1904 106.598 
1905 103.481 
1906 100.501 
1907 97.6524 
1908 94.9342 
1909 92.3433 
1910 89.877 
1911 87.5327 
1912 85.3075 
1913 83.1989 
1914 81.2041 
1915 79.3202 
1916 77.5447 
1917 75.8746 
1918 74.3073 
1919 72.8399 
1920 71.4696 
1921 70.1937 
1922 69.0092 
1923 67.9133 
1924 66.9032 
1925 65.976 
1926 65.1289 
1927 64.3588 
1928 63.6629 
1929 63.0384 
1930 62.4822 
1931 61.9914 
1932 61.563 
1933 61.1942 
1934 60.8818 
1935 60.6229 
1936 60.4145 
1937 60.2535 
1938 60.137 
1939 60.0618 
1940 60.0249 
1941 60.0232 
1942 60.0537 
1943 60.1132 
1944 60.1987 
1945 60.3069 
1946 60.4347 
1947 60.5791 
1948 60.7367 
1949 60.9045 
1950 61.0793 
1951 61.2583 
1952 61.441 
1953 61.6273 
1954 61.8172 
1955 62.0105 
1956 62.2073 
1957 62.4075 
1958 62.611 
1959 62.8178 
1960 63.0278 
1961 63.2409 
1962 63.4571 
1963 63.6763 
1964 63.8984 
1965 64.1234 
1966 64.3513 
1967 64.5819 
1968 64.8153 
1969 65.0513 
1970 65.2898 
1971 65.5309 
1972 65.7744 
1973 66.0202 
1974 66.2684 
1975 66.5189 
1976 66.7715 
1977 67.0263 
1978 67.2831 
1979 67.5419 
1980 67.8027 
1981 68.0652 
1982 68.3296 
1983 68.5957 
1984 68.8635 
1985 69.1328 
1986 69.4036 
1987 69.6759 
1988 69.9496 
1989 70.2246 
1990 70.5009 
1991 70.7783 
1992 71.0568 
1993 71.3363 
1994 71.6168 
1995 71.8982 
1996 72.1804 
1997 72.4634 
1998 72.747 
1999 73.0313 
2000 73.316 
